0.0117994 1.01034e-316 1.09327e-316 2.42092e-322 -0.0174682 1.4822e-323 1.08438e-316
0.0336619 1.03615e-316 1.03935e-316 6.92123e-310 2.37152e-322 6.92123e-310 10.5
0.0541621 1.01009e-316 6.30783e-317 1.63042e-322 -0.038873 6.92123e-310 12.5
0.0750047 1.01041e-316 0 2.42092e-322 -0.00628862 6.92123e-310 5.45448e-321
0.0982805 1.08373e-316 1.58101e-322 0 -0.122521 6.92123e-310 16.5
0.124635 1.0837e-316 0.0175927 1.63042e-322 -0.0180498 4.00193e-322 0.0117994
0.151959 1.08383e-316 0.0142746 1.63042e-322 -0.02023 6.92123e-310 1.09722e-316
0.179942 1.08399e-316 0.0032264 1.63042e-322 -0.125003 6.92123e-310 0
0.213279 1.11405e-316 0.0100762 1.63042e-322 0.0332113 6.92123e-310 1.03935e-316
0.221277 1.0392e-316 0.0139695 1.63042e-322 2.37152e-322 6.92123e-310 1.08372e-316
0.227007 6.92123e-310 0.0305259 2.42092e-322 0.0538173 6.92123e-310 0
0.204274 6.92123e-310 0.0239014 0.0188106 -0.0435561 6.92123e-310 6.30783e-317
0.197855 6.92123e-310 0.026157 1.63042e-322 0.0137831 6.92123e-310 1.58101e-322
0.174414 6.92123e-310 1.5 1.63042e-322 -0.00818256 6.92123e-310 4.03158e-321
0.152791 6.92123e-310 3.5 1.63042e-322 -0.0409483 6.92123e-310 3.16202e-322
0.126929 6.92123e-310 5.5 1.63042e-322 -0.0213612 6.92123e-310 1.09722e-316
0.0991682 6.92123e-310 7.5 1.63042e-322 0.0277842 6.92123e-310 1.07935e-316
0.0655306 6.92123e-310 9.5 1.63042e-322 -0.0150307 6.92123e-310 0
0.051855 6.92123e-310 11.5 1.63042e-322 0.043238 6.92123e-310 6.92123e-310
0.0313662 6.92123e-310 13.5 1.63042e-322 0.0138812 6.92123e-310 0.0439208
0.00665238 6.92123e-310 15.5 1.63042e-322 -0.00256131 6.92123e-310 0.114448
-0.0152803 6.92123e-310 0.0175927 1.63042e-322 0.0136208 6.92123e-310 0.0432325
-0.0448069 6.92123e-310 0.0142746 1.63042e-322 -0.000974304 6.92123e-310 1.58101e-322
-0.0618971 6.92123e-310 0.0032264 1.63042e-322 0.000772663 1.0392e-316 0.0139695
-0.082754 6.92123e-310 0.0100762 1.63042e-322 0.0413937 6.92123e-310 0.0731299
-0.0805831 6.92123e-310 6.92123e-310 1.63042e-322 -0.0211741 6.92123e-310 0.0845215
-0.0793239 6.92123e-310 0 1.63042e-322 0.0226403 6.92123e-310 0.00443632
-0.0625276 6.92123e-310 0 1.63042e-322 0.0203653 6.92123e-310 -0.415296
-0.0395884 6.92123e-310 0.0150698 1.63042e-322 0.0634623 6.92123e-310 -0.197198
-0.0254717 6.92123e-310 1.58101e-322 1.63042e-322 2.37152e-322 6.92123e-310 -0.148048
-0.0165459 6.92123e-310 0 1.63042e-322 0.0527231 6.92123e-310 1.06524
-0.00434026 6.92123e-310 1.08372e-316 7.95446e-322 0.5 1 1.5
0.00192188 6.92123e-310 1.58101e-322 1.63042e-322 1.10549e-316 -0.349783 3.0466
-0.00365118 6.92123e-310 1.58101e-322 1.02025e-320 0.00356771 2.122e-314 0.939514
