0.0117994 -0.295787 0.0227571 0.0126902 -0.0225549 0.999643 -0.00651139
0.0336619 -0.289292 0.0188106 0.0018462 -0.0174682 0.99798 0.0655953
0.0541621 -0.285523 0.0175927 0.0292159 0.0334414 0.998893 0.0240249
0.0750047 -0.281232 0.0166999 0.0629521 -0.038873 0.99701 0.0499472
0.0982805 -0.276032 0.0150698 0.0671568 -0.00628862 0.996623 0.0439208
0.124635 -0.271613 0.0125998 0.0619793 -0.122521 0.996738 0.0536171
0.151959 -0.26654 0.0142746 0.0547339 -0.0180498 0.995377 0.0731299
0.179942 -0.263545 0.0150615 0.0872117 -0.02023 0.992066 0.0680483
0.213279 -0.254999 0.0110915 0.121183 -0.125003 0.99395 0.114448
0.221277 -0.237447 0.0145403 0.0901362 0.0332113 0.989853 0.075268
0.227007 -0.219579 0.0032264 0.160592 -0.0451013 0.993111 0.0845215
0.204274 -0.206829 0.0128955 0.101231 0.0538173 0.985052 0.0775533
0.197855 -0.205226 0.00668576 0.149207 -0.0435561 0.994128 0.0432325
0.174414 -0.199448 0.0120814 0.115356 0.0137831 0.987586 0.0859547
0.152791 -0.196624 0.0100762 0.11501 -0.00818256 0.99481 0.00443632
0.126929 -0.194789 0.00851551 0.133469 -0.0409483 0.999416 -0.0289046
0.0991682 -0.191702 0.0106123 0.118651 -0.0213612 1.00148 -0.0375312
0.0655306 -0.191316 0.0169324 0.0330153 0.0277842 0.993636 0.0571553
0.051855 -0.19197 0.0139695 0.149612 -0.0150307 2.0671 -0.415296
0.0313662 -0.192036 0.0172861 -0.0650052 0.043238 -1.35426 0.918515
0.00665238 -0.186106 0.0239854 -0.065355 0.0138812 0.0159191 0.333968
-0.0152803 -0.182699 0.0220226 0.0502021 -0.00256131 0.996374 -0.000625378
-0.0448069 -0.180947 0.0305259 -0.056373 0.0136208 1.26817 -0.197198
-0.0618971 -0.176425 0.0220851 0.0498058 -0.000974304 0.857373 0.125229
-0.082754 -0.16037 0.026436 -0.0585109 0.000772663 1.1516 -0.144696
-0.0805831 -0.1425 0.01514 0.0682146 0.0413937 0.69788 0.227356
-0.0793239 -0.119993 0.0239014 -0.0639178 -0.0211741 1.22495 -0.148048
-0.0625276 -0.10672 0.0161593 0.00508218 0.0226403 -0.430748 0.564143
-0.0395884 -0.0937406 0.0160588 -0.00628546 0.0203653 -0.436172 0.576865
-0.0254717 -0.0918304 0.0184394 -0.0743295 0.0634623 -1.66303 0.919561
-0.0165459 -0.0914319 0.026157 -0.131201 0.0856838 -2.45389 1.06524
-0.00434026 -0.0879792 0.0251204 -0.0529432 0.0527231 -0.747298 0.486904
0.00192188 -0.0875864 0.0181672 0.109258 0.00356771 2.38982 -0.257207
-0.00365118 -0.0887005 0.0257246 -0.159891 0.12566 -2.40768 0.94642
